100 0.4 -0.8 252 999
100
99.625
98.728
97.144
97.52
98.242
96.403
98.635
99.371
97.37
97.677
98.996
96.97
95.549
94.587
86.42
86.262
83.626
86.241
85.592
85.454
85.095
87.361
87.874
89.842
90.559
92.89
89.775
87.745
89.027
90.621
92.267
91.928
90.819
90.938
89.666
90.627
90.525
86.781
82.819
81.954
80.438
84.027
86.433
88.391
90.502
91.069
93.884
98.777
99.498
99.017
92.728
96.041
99.025
101.267
101.634
100.652
99.789
99.992
102.238
104.813
103.677
105.127
105.615
105.236
103.163
99.678
97.511
101.264
103.485
102.122
101.609
98.032
95.891
95.021
91.398
91.557
91.542
88.323
86.935
84.808
83.843
82.096
81.757
84.307
87.658
87.225
88.295
92.901
90.59
92.445
89.671
89.108
90.444
91.001
86.721
87.377
84.601
86.421
85.097
86.219
87.951
87.48
87.912
86.25
86.608
85.195
82.045
81.605
80.18
79.621
80.487
81.614
85.388
84.887
85.385
84.144
86.841
85.054
88.485
86.327
87.252
89.088
88.572
88.544
85.115
85.782
82.932
80.182
80.109
81.193
81.439
80.137
76.905
74.773
69.625
68.035
66.578
67.527
66.727
67.942
68.797
67.555
67.927
68.634
70.711
70.935
69.814
68.279
70.886
70.507
70.434
73.394
71.315
69.252
67.287
67.57
66.827
66.256
67.599
65.997
65.776
66.841
65.544
64.956
64.148
64.085
61.277
60.714
61.767
61.935
61.414
63.861
65.463
64.494
64.764
65.372
65.992
68.33
70.001
72.195
72.588
70.224
67.335
65.418
66.077
62.137
60.151
57.344
55.952
54.282
54.906
52.997
52.353
51.766
51.374
50.752
51.147
50.039
51.243
50.772
49.266
50.945
51.399
54.15
55.278
55.215
54.09
54.993
52.49
54.078
54.783
55.013
55.031
56.37
53.528
53.351
51.076
51.719
50.857
50.531
51.392
52.561
51.719
52.924
54.59
54.737
55.412
52.966
53.45
52.113
54.219
55.581
57.55
58.084
57.941
58.379
57.456
56.65
57.583
56.062
56.95
56.449
55.587
53.104
52.488
52.005
51.779
51.908
50.048
49.313
50.157
