100 0.15 -0.8 252 999
100
99.072
97.649
98.53
98.661
97.703
97.714
97.559
97.686
96.785
96.628
94.851
93.42
95.057
96.471
95.991
96.008
95.393
93.469
93.87
94.317
93.64
93.383
94.778
95.007
95.929
94.812
94.826
96.436
96.231
95.51
94.55
94.528
92.889
91.158
89.401
89.224
89.193
89.209
90.354
89.886
89.384
89.229
89.076
89.61
89.874
88.75
87.197
86.653
85.298
85.012
84
84.828
85.824
84.951
85.184
84.55
84.359
83.88
83.858
83.665
82.328
83.11
83.014
81.167
80.952
79.446
79.176
78.536
78.116
77.875
77.274
77.373
75.961
75.492
75.912
76.148
76.754
77.622
76.708
77.044
78.633
79.536
79.941
79.629
78.798
78.781
78.719
78.058
78.668
78.194
77.838
77.489
77.898
78.139
78.851
79.57
80.238
79.571
79.902
79.528
79.515
79.782
79.099
79.444
78.982
79.893
78.71
79.488
78.57
78.377
78.109
77.984
77.142
76.829
77.354
77.384
76.369
76.373
77.155
77.212
76.49
75.467
75.654
75.692
76.2
75.616
74.98
74.06
73.17
73.551
72.469
73.028
72.081
71.798
71.747
72.575
73.089
72.695
72.102
72.405
71.2
70.653
72.316
72.919
72.989
73.184
74.079
73.729
73.712
73.163
73.49
73.301
73.098
73.398
72.931
73.343
73.306
73.01
74.335
74.844
74.824
75.247
75.289
74.601
74.435
74.297
74.763
73.583
73.732
74.463
73.077
73.608
72.091
71.542
71.234
70.426
71.576
71.272
71.493
71.603
71.003
71.001
71.344
70.612
71.371
70.22
69.753
69.976
70.377
69.726
69.532
68.969
68.755
68.442
69.627
69.14
67.514
66.941
65.54
65.479
66.454
66.277
67.532
66.732
66.778
66.263
65.704
65.107
65.186
64.464
64.543
64.966
63.784
63.366
62.073
62.366
61.802
61.312
62.241
62.021
60.994
60.795
60.789
61.052
61.25
61.217
61.462
60.899
61.057
60.973
61.5
61.719
61.638
61.784
61.352
62.293
62.122
61.678
60.617
60.016
59.966
59.801
58.438
58.651
58.098
58.501
58.154
58.172
58.338
57.589
57.709
