100 0.4 1 252 999
100
104.101
104.172
104.694
106.654
111.602
112.526
113.025
107.95
107.484
112.084
111.658
110.967
109.577
111.965
115.72
116.421
118.187
117.509
117.574
117.272
117.254
115.569
116.825
118.078
121.639
121.265
118.435
120.627
125.648
128.136
135.178
136.118
134.39
139.751
139.822
142.522
145.697
141.154
141.105
142.92
146.356
143.173
145.828
142.208
147.31
145.798
146.066
148.987
150.972
151.459
151.347
151.582
153.988
156.785
159.511
156.985
161.147
160.863
159.433
157.081
150.669
152.907
158.773
164.434
168.226
166.883
169.155
169.317
172.401
173.445
180.242
180.025
184.501
187.456
194.415
193.133
189.998
183.444
193.708
194.561
193.601
192.93
198.503
203.475
202.703
214.715
219.636
215.832
213.307
211.567
203.19
201.791
200.862
194.32
205.984
199.231
203.315
198.172
197.504
194.12
196.285
193.541
194.719
194.77
192.111
194.882
195.196
190.178
193.845
196.593
200.096
205.865
206.032
205.332
209.362
213.877
211.06
205.117
205.168
206.659
212.864
209.309
212.718
216.039
213.788
214.98
206.06
204.166
195.838
204.893
198.635
201.015
199.681
203.198
207.196
209.205
201.692
209.207
203.982
212.221
225.564
223.558
226.398
232.139
219.802
225.687
220.021
225.817
229.26
235.793
240.62
242.856
246.748
254.723
265.756
269.17
264.745
273.203
274.314
285.181
286.139
314.304
319.755
319.987
313.609
324.113
329.57
327.808
324.883
329.005
335.031
325.436
320.476
329.463
327.597
335.632
342.929
336.137
338.156
349.95
353.358
342.153
339.322
340.778
329.299
329.211
330.225
327.984
343.381
361.992
359.628
375.984
380.373
373.791
365.031
392.134
377.624
376.944
373.463
372.528
378.924
391.81
394.224
397.951
406.811
408.178
421.371
417.769
410.645
412.721
412.596
427.87
430.933
430.123
397.839
394.913
387.399
385.962
380.617
367.692
354.624
368.394
364.406
355.487
362.499
363.013
372.07
374.341
373.344
362.4
379.836
382.569
386.504
391.218
394.699
379.272
383.219
393.759
398.716
399.435
424.036
430.953
416.771
407.567
391.454
393.768
413.796
412.445
402.742
410.625
412.551
