100 0.15 1 252 999
100
100.357
100.699
101.628
101.359
103.401
103.76
101.123
102.862
102.37
102.485
102.729
103.265
103.917
104.747
107.467
107.31
107.47
108.632
108.755
109.635
109.333
111.479
112.298
111.717
112.095
109.828
111.42
111.868
111.642
112.067
114.484
118.096
119.327
120.832
120.593
121.403
122.617
121.541
121.783
123.654
123.667
126.988
126.429
127.299
129.999
129.098
128.648
129.517
129.458
128.323
129.942
128.938
130.621
131.139
132.16
130.897
130.195
129.626
129.117
129.624
130.619
131.889
132.231
134.49
134.864
133.67
134.892
135.996
137.933
137.249
137.092
136.837
139.262
140.798
141.639
143.007
143.331
142.602
142.644
143.7
144.433
146.076
148.693
148.483
149.288
147.004
147.584
147.665
147.802
149.22
150.291
149.382
149.017
149.662
150.473
148.44
148.671
149.037
149.925
148.97
148.711
147.34
149.318
151.33
150.812
152.678
152.608
152.749
152.745
153.995
157.46
156.669
157.766
156.623
157.42
159.263
157.095
157.454
161.604
158.369
158.495
158.747
159.932
162.882
164.392
165.375
166.693
168.662
168.647
170.219
169.129
171.073
172.575
174.976
178.947
180.642
180.556
181.659
181.649
182.974
181.941
180.863
180.462
181.945
183.408
182.329
181.508
183.211
184.527
185.21
184.486
186.691
192.121
192.402
192.103
191.778
192.751
191.825
193.563
195.187
195.725
196.915
197.834
196.776
195.521
195.713
193.602
194.093
193.017
198.529
199.646
198.143
199.194
199.004
200.249
204.164
204.098
205.933
202.265
203.876
204.168
203.444
208.331
208.384
206.87
207.82
205.806
205.002
204.39
203.899
205.406
206.52
203.35
205.071
205.809
203.533
204.921
203.301
205.047
203.12
200.655
204.909
204.914
204.32
203.334
203.755
203.45
208.059
209.598
212.984
213.39
214.794
216.823
217.249
217.525
220.925
222.986
219.945
223.307
224.338
227.866
230.014
227.936
228.074
230.202
232.003
228.694
234.202
234.339
236.317
233.899
234.273
232.515
233.371
231.241
232.791
228.944
229.565
233.373
237.688
239.417
240.721
243.988
246.292
247.178
245.79
247.858
251.55
252.185
249.445
249.296
